696 700 0
700 698 0
696 700 0
697 699 0
697 696 0
694 696 0
697 698 0
699 697 0
697 704 0
695 697 0
695 697 0
696 695 0
697 699 0
695 696 0
693 693 0
697 695 0
697 696 0
695 697 0
694 694 0
696 694 0
694 694 0
695 697 0
697 695 0
696 696 0
696 694 0
695 693 0
781 779 0
783 780 0
781 780 0
774 771 0
782 779 0
775 777 0
775 774 0
781 782 0
772 773 0
781 776 0
770 773 0
781 781 0
774 774 0
780 780 0
774 775 0
780 780 0
772 773 0
779 784 0
777 776 0
778 782 0
779 785 0
775 776 0
780 781 0
774 778 0
782 788 0
775 782 0
777 782 0
785 792 0
778 783 0
786 790 0
780 782 0
787 791 0
784 790 0
776 783 0
783 791 0
774 788 0
783 792 0
778 785 0
783 791 0
778 780 0
785 787 0
776 782 0
782 787 0
775 782 0
788 787 0
774 780 0
781 788 0
774 781 0
784 789 0
774 782 0
783 787 0
778 780 0
784 785 0
773 780 0
786 790 0
778 781 0
784 789 0
774 779 0
783 791 0
775 782 0
786 786 0
777 782 0
781 787 0
774 781 0
781 786 0
772 781 0
782 786 0
776 780 0
782 786 0
774 773 0
783 785 0
774 774 0
772 774 0
772 774 0
600 636 1
600 635 1
599 636 1
601 639 1
602 635 1
599 636 1
599 640 1
605 638 1
606 636 1
604 636 1
605 636 1
606 639 1
606 641 1
608 639 1
610 643 1
607 639 1
603 638 1
598 636 1
601 635 1
600 631 1
600 631 1
598 630 1
600 634 1
597 632 1
599 633 1
597 633 1
598 632 1
599 633 1
599 633 1
601 631 1
595 633 1
596 627 1
591 628 1
592 628 1
592 627 1
593 626 1
591 624 1
592 625 1
593 624 1
593 623 1
591 626 1
593 627 1
598 634 1
599 636 1
601 635 1
601 635 1
599 636 1
600 635 1
600 634 1
600 633 1
658 707 1
655 698 1
662 704 1
658 703 1
657 697 1
659 701 1
654 695 1
660 702 1
655 693 1
658 701 1
653 697 1
657 700 1
654 695 1
658 702 1
654 695 1
658 701 1
649 690 1
655 693 1
653 695 1
658 699 1
653 695 1
660 699 1
654 695 1
658 698 1
650 692 1
656 699 1
650 693 1
656 699 1
654 699 1
653 694 1
656 704 1
653 698 1
660 706 1
656 701 1
658 707 1
655 701 1
661 707 1
653 709 1
660 708 1
657 706 1
661 714 1
660 706 1
662 717 1
660 712 1
666 720 1
662 711 1
660 712 1
660 709 1
662 712 1
667 710 1
681 625 2
681 619 2
679 626 2
679 627 2
681 625 2
682 626 2
681 624 2
681 627 2
679 625 2
679 625 2
678 628 2
682 629 2
692 626 2
687 625 2
687 624 2
685 626 2
684 627 2
687 627 2
682 626 2
684 625 2
683 624 2
684 625 2
684 627 2
683 626 2
683 626 2
685 623 2
683 625 2
684 628 2
683 626 2
682 627 2
682 628 2
678 627 2
678 625 2
696 626 2
707 623 2
710 621 2
709 620 2
707 622 2
708 618 2
706 621 2
702 622 2
702 622 2
702 619 2
704 619 2
705 621 2
700 618 2
703 620 2
702 620 2
701 620 2
708 619 2
790 690 2
793 685 2
789 689 2
781 681 2
790 689 2
790 686 2
782 681 2
790 689 2
779 680 2
787 687 2
788 688 2
780 680 2
787 687 2
780 682 2
787 687 2
779 681 2
782 684 2
784 688 2
779 682 2
788 687 2
785 690 2
782 684 2
789 689 2
779 683 2
786 688 2
785 697 2
792 690 2
787 680 2
796 686 2
795 686 2
785 683 2
795 686 2
784 681 2
792 688 2
780 683 2
785 688 2
787 688 2
769 679 2
781 682 2
784 686 2
777 683 2
773 684 2
776 686 2
782 694 2
772 687 2
774 686 2
784 692 2
777 688 2
783 692 2
783 694 2
