849 699 0
849 711 0
731 720 0
735 724 0
849 724 0
850 722 0
845 721 0
851 722 0
852 717 0
849 712 0
851 717 0
850 715 0
998 815 0
997 812 0
999 813 0
998 813 0
997 813 0
1000 808 0
850 711 0
845 712 0
851 708 0
851 710 0
847 707 0
851 702 0
848 695 0
848 690 0
844 684 0
850 690 0
846 688 0
849 686 0
848 685 0
849 687 0
850 688 0
851 685 0
847 684 0
849 684 0
847 686 0
847 684 0
849 685 0
849 676 0
849 684 0
848 683 0
845 683 0
847 682 0
850 685 0
850 684 0
850 684 0
848 681 0
850 682 0
851 684 0
985 768 0
988 765 0
975 758 0
988 767 0
975 760 0
987 765 0
989 767 0
976 760 0
990 766 0
986 766 0
977 758 0
989 765 0
964 752 0
977 758 0
977 756 0
975 758 0
976 760 0
964 750 0
987 761 0
977 758 0
985 766 0
974 758 0
985 762 0
978 760 0
974 758 0
986 764 0
975 757 0
986 761 0
976 757 0
976 757 0
988 763 0
975 757 0
991 766 0
976 755 0
976 756 0
988 761 0
975 754 0
986 756 0
976 754 0
988 760 0
975 754 0
973 752 0
976 752 0
986 756 0
976 754 0
991 756 0
976 751 0
987 758 0
975 753 0
988 756 0
617 564 1
617 563 1
614 565 1
616 567 1
615 564 1
619 564 1
614 563 1
616 563 1
617 563 1
613 563 1
612 563 1
617 564 1
616 562 1
616 562 1
617 564 1
615 561 1
616 564 1
615 567 1
615 563 1
617 563 1
615 564 1
617 565 1
675 612 1
680 613 1
670 609 1
679 615 1
674 612 1
676 615 1
675 613 1
678 614 1
678 616 1
674 611 1
677 618 1
676 611 1
677 617 1
672 612 1
673 611 1
671 612 1
672 617 1
668 612 1
672 613 1
668 608 1
671 611 1
663 601 1
664 602 1
662 595 1
666 602 1
662 597 1
666 602 1
662 602 1
672 612 1
678 616 1
674 612 1
677 620 1
671 609 1
674 613 1
669 609 1
671 613 1
668 610 1
668 614 1
667 611 1
672 616 1
665 614 1
671 616 1
668 614 1
674 617 1
670 618 1
671 617 1
669 614 1
674 617 1
669 616 1
673 617 1
669 615 1
674 619 1
671 615 1
672 615 1
670 614 1
670 613 1
673 617 1
672 616 1
681 618 1
671 614 1
674 618 1
675 619 1
671 618 1
675 621 1
670 622 1
676 623 1
672 621 1
673 622 1
674 622 1
670 619 1
665 619 1
674 620 1
671 617 1
676 619 1
674 617 1
678 618 1
670 614 1
673 619 1
705 555 2
699 552 2
702 550 2
702 551 2
702 551 2
701 552 2
704 550 2
703 550 2
704 550 2
703 550 2
703 553 2
702 548 2
702 552 2
702 550 2
701 550 2
705 549 2
701 552 2
699 553 2
703 550 2
701 551 2
703 551 2
704 550 2
703 552 2
693 556 2
700 549 2
700 551 2
705 553 2
704 551 2
704 552 2
701 552 2
701 553 2
701 553 2
703 555 2
702 553 2
701 551 2
702 551 2
702 551 2
698 552 2
702 553 2
701 554 2
708 553 2
702 555 2
700 551 2
702 553 2
700 551 2
700 551 2
698 553 2
700 555 2
703 549 2
705 553 2
787 602 2
782 598 2
782 599 2
789 603 2
780 595 2
780 598 2
790 602 2
781 598 2
780 600 2
786 603 2
781 598 2
789 602 2
779 599 2
783 605 2
782 598 2
780 600 2
788 603 2
782 598 2
787 601 2
779 599 2
779 600 2
787 603 2
780 598 2
786 604 2
782 598 2
779 600 2
782 599 2
786 606 2
777 596 2
787 604 2
774 595 2
780 602 2
773 600 2
783 600 2
779 602 2
779 601 2
787 605 2
776 603 2
791 603 2
780 602 2
789 604 2
779 601 2
782 604 2
790 603 2
779 603 2
788 606 2
780 598 2
781 600 2
786 604 2
772 602 2
