764 674 0
765 763 0
677 676 0
679 675 0
764 761 0
679 674 0
761 763 0
678 674 0
763 762 0
764 763 0
766 764 0
764 762 0
764 763 0
679 675 0
677 676 0
764 758 0
764 762 0
763 760 0
766 760 0
766 762 0
765 760 0
765 761 0
762 762 0
763 754 0
763 762 0
763 761 0
744 742 0
747 741 0
750 749 0
756 754 0
749 748 0
763 755 0
745 740 0
753 747 0
751 747 0
749 748 0
745 741 0
757 753 0
747 751 0
747 748 0
751 748 0
751 748 0
755 755 0
757 755 0
743 739 0
756 756 0
749 750 0
758 760 0
742 742 0
756 754 0
750 748 0
753 754 0
738 739 0
749 754 0
747 749 0
757 759 0
757 754 0
756 756 0
774 758 0
782 748 0
787 748 0
781 744 0
783 746 0
776 742 0
778 738 0
777 740 0
780 743 0
773 736 0
775 737 0
774 738 0
776 747 0
769 742 0
765 744 0
761 744 0
771 750 0
752 747 0
749 755 0
745 756 0
741 746 0
748 756 0
744 749 0
744 746 0
750 751 0
747 754 0
742 748 0
741 745 0
752 756 0
753 756 0
750 752 0
754 756 0
749 757 0
732 738 0
735 745 0
732 741 0
746 749 0
744 749 0
731 738 0
748 756 0
750 758 0
750 755 0
617 682 1
616 682 1
617 682 1
616 684 1
616 683 1
617 683 1
616 685 1
560 609 1
570 612 1
561 615 1
563 614 1
615 683 1
615 683 1
615 681 1
618 686 1
616 683 1
616 682 1
615 684 1
616 682 1
615 684 1
616 685 1
613 683 1
606 671 1
610 675 1
614 680 1
613 674 1
622 683 1
614 681 1
605 684 1
601 680 1
599 681 1
600 682 1
596 674 1
594 675 1
598 676 1
592 672 1
594 675 1
591 668 1
594 676 1
591 664 1
595 667 1
596 668 1
592 662 1
591 668 1
601 668 1
617 675 1
620 670 1
621 675 1
616 666 1
618 672 1
617 668 1
620 674 1
619 676 1
630 667 1
652 675 1
651 670 1
645 673 1
636 669 1
633 674 1
629 676 1
632 686 1
626 684 1
626 680 1
627 687 1
631 692 1
628 688 1
631 695 1
628 691 1
633 691 1
632 687 1
636 690 1
631 686 1
632 691 1
632 691 1
628 686 1
626 686 1
628 690 1
628 687 1
628 689 1
623 685 1
629 689 1
624 683 1
626 687 1
625 686 1
624 685 1
628 689 1
624 685 1
627 690 1
623 686 1
628 690 1
622 685 1
622 684 1
626 684 1
628 690 1
624 684 1
622 686 1
627 685 1
623 687 1
621 686 1
624 684 1
770 681 2
774 683 2
774 677 2
773 681 2
684 612 2
772 683 2
770 684 2
681 609 2
686 613 2
681 613 2
684 614 2
684 613 2
684 614 2
686 614 2
684 612 2
681 614 2
684 614 2
683 612 2
682 612 2
682 615 2
685 612 2
684 612 2
752 668 2
765 678 2
763 673 2
768 672 2
776 676 2
773 670 2
783 677 2
784 678 2
778 672 2
782 677 2
773 674 2
776 671 2
775 671 2
782 676 2
773 670 2
779 674 2
773 670 2
780 676 2
776 670 2
778 673 2
771 670 2
779 674 2
772 668 2
780 673 2
770 669 2
778 673 2
770 668 2
778 670 2
762 669 2
780 672 2
770 668 2
777 673 2
769 666 2
771 669 2
769 668 2
788 673 2
770 668 2
770 670 2
771 669 2
777 672 2
769 668 2
775 675 2
770 669 2
774 677 2
768 668 2
777 673 2
772 669 2
776 673 2
770 662 2
774 662 2
767 660 2
771 667 2
767 657 2
768 656 2
772 660 2
766 657 2
764 657 2
761 658 2
772 665 2
763 660 2
765 669 2
767 667 2
766 662 2
760 658 2
766 663 2
768 666 2
764 665 2
768 665 2
765 664 2
754 658 2
753 657 2
753 657 2
752 657 2
754 655 2
752 659 2
758 661 2
749 658 2
752 656 2
